image: testmap.png
resolution: 0.05
origin: [11.924999809265136, 20.77500114440918, 0.0000]
# 取反
negate: 0  
occupied_thresh: 0.65
free_thresh: 0.196
